-5	0	0.207126000000000	0.00345100000000000	0.0127740000000000	0.0162250000000000	0	0	0.120495000000000	0	0	16	-0.0118000000000000
-4.75000000000000	0	0.230314000000000	0.00374100000000000	0.0126300000000000	0.0163710000000000	0	0	0.117152000000000	0	0	16	0.00970000000000000
-4.50000000000000	0	0.253498000000000	0.00407100000000000	0.0124970000000000	0.0165670000000000	0	0	0.113795000000000	0	0	16	0.0272000000000000
-4.25000000000000	0	0.276678000000000	0.00444000000000000	0.0123770000000000	0.0168170000000000	0	0	0.110424000000000	0	0	16	0.0418000000000000
-4	0	0.299852000000000	0.00485000000000000	0.0122670000000000	0.0171170000000000	0	0	0.107039000000000	0	0	16	0.0541000000000000
-3.75000000000000	0	0.323019000000000	0.00529900000000000	0.0121610000000000	0.0174600000000000	0	0	0.103641000000000	0	0	16	0.0647000000000000
-3.50000000000000	0	0.346178000000000	0.00578800000000000	0.0120550000000000	0.0178430000000000	0	0	0.100231000000000	0	0	16	0.0739000000000000
-3.25000000000000	0	0.369329000000000	0.00631700000000000	0.0119420000000000	0.0182590000000000	0	0	0.0968070000000000	0	0	16	0.0819000000000000
-3	0	0.392471000000000	0.00688500000000000	0.0118120000000000	0.0186980000000000	0	0	0.0933720000000000	0	0	16	0.0889000000000000
-2.75000000000000	0	0.415601000000000	0.00749400000000000	0.0116350000000000	0.0191280000000000	0	0	0.0899240000000000	0	0	16	0.0952000000000000
-2.50000000000000	0	0.438721000000000	0.00814100000000000	0.0114280000000000	0.0195690000000000	0	0	0.0864650000000000	0	0	16	0.100800000000000
-2.25000000000000	0	0.461828000000000	0.00882900000000000	0.0112350000000000	0.0200640000000000	0	0	0.0829940000000000	0	0	16	0.105900000000000
-2	0	0.484921000000000	0.00955600000000000	0.0111060000000000	0.0206610000000000	0	0	0.0795110000000000	0	0	16	0.110400000000000
-1.75000000000000	0	0.508000000000000	0.0103220000000000	0.0110370000000000	0.0213580000000000	0	0	0.0760170000000000	0	0	16	0.114600000000000
-1.50000000000000	0	0.531064000000000	0.0111270000000000	0.0110040000000000	0.0221320000000000	0	0	0.0725110000000000	0	0	16	0.118400000000000
-1.25000000000000	0	0.554112000000000	0.0119720000000000	0.0110260000000000	0.0229980000000000	0	0	0.0689950000000000	0	0	16	0.121900000000000
-1	0	0.577142000000000	0.0128560000000000	0.0110820000000000	0.0239380000000000	0	0	0.0654680000000000	0	0	16	0.125100000000000
-0.750000000000000	0	0.600154000000000	0.0137790000000000	0.0111550000000000	0.0249340000000000	0	0	0.0619310000000000	0	0	16	0.128000000000000
-0.500000000000000	0	0.623147000000000	0.0147410000000000	0.0112420000000000	0.0259830000000000	0	0	0.0583840000000000	0	0	16	0.130800000000000
-0.250000000000000	0	0.646120000000000	0.0157410000000000	0.0113390000000000	0.0270810000000000	0	0	0.0548270000000000	0	0	16	0.133300000000000
0	0	0.669072000000000	0.0167810000000000	0.0114440000000000	0.0282250000000000	0	0	0.0512620000000000	0	0	16	0.135700000000000
0.250000000000000	0	0.692002000000000	0.0178580000000000	0.0115600000000000	0.0294190000000000	0	0	0.0476870000000000	0	0	16	0.137900000000000
0.500000000000000	0	0.714908000000000	0.0189750000000000	0.0116860000000000	0.0306610000000000	0	0	0.0441030000000000	0	0	16	0.140000000000000
0.750000000000000	0	0.737792000000000	0.0201290000000000	0.0118210000000000	0.0319500000000000	0	0	0.0405110000000000	0	0	16	0.142000000000000
1	0	0.760650000000000	0.0213210000000000	0.0119640000000000	0.0332850000000000	0	0	0.0369100000000000	0	0	16	0.143800000000000
1.25000000000000	0	0.783482000000000	0.0225510000000000	0.0121140000000000	0.0346660000000000	0	0	0.0333020000000000	0	0	16	0.145600000000000
1.50000000000000	0	0.806288000000000	0.0238190000000000	0.0122720000000000	0.0360910000000000	0	0	0.0296860000000000	0	0	16	0.147200000000000
1.75000000000000	0	0.829066000000000	0.0251250000000000	0.0124380000000000	0.0375630000000000	0	0	0.0260620000000000	0	0	16	0.148700000000000
2	0	0.851816000000000	0.0264680000000000	0.0126140000000000	0.0390810000000000	0	0	0.0224310000000000	0	0	16	0.150200000000000
2.25000000000000	0	0.874536000000000	0.0278480000000000	0.0127980000000000	0.0406460000000000	0	0	0.0187940000000000	0	0	16	0.151600000000000
2.50000000000000	0	0.897226000000000	0.0292650000000000	0.0129940000000000	0.0422580000000000	0	0	0.0151500000000000	0	0	16	0.152900000000000
2.75000000000000	0	0.919884000000000	0.0307180000000000	0.0132000000000000	0.0439190000000000	0	0	0.0114990000000000	0	0	16	0.154200000000000
3	0	0.942510000000000	0.0322090000000000	0.0134170000000000	0.0456260000000000	0	0	0.00784300000000000	0	0	16	0.155400000000000
3.25000000000000	0	0.965104000000000	0.0337350000000000	0.0136430000000000	0.0473780000000000	0	0	0.00418100000000000	0	0	16	0.156500000000000
3.50000000000000	0	0.987663000000000	0.0352980000000000	0.0138760000000000	0.0491740000000000	0	0	0.000514000000000000	0	0	16	0.157700000000000
3.75000000000000	0	1.01018700000000	0.0368960000000000	0.0141220000000000	0.0510180000000000	0	0	-0.00315900000000000	0	0	16	0.158700000000000
4	0	1.03267500000000	0.0385300000000000	0.0143800000000000	0.0529100000000000	0	0	-0.00683600000000000	0	0	16	0.159700000000000
4.25000000000000	0	1.05512600000000	0.0401990000000000	0.0146570000000000	0.0548570000000000	0	0	-0.0105180000000000	0	0	16	0.160700000000000
4.50000000000000	0	1.07754000000000	0.0419040000000000	0.0149480000000000	0.0568520000000000	0	0	-0.0142040000000000	0	0	16	0.161600000000000
4.75000000000000	0	1.09991500000000	0.0436430000000000	0.0152440000000000	0.0588870000000000	0	0	-0.0178940000000000	0	0	16	0.162500000000000
5	0	1.12225100000000	0.0454160000000000	0.0155580000000000	0.0609740000000000	0	0	-0.0215880000000000	0	0	16	0.163400000000000
5.25000000000000	0	1.14454600000000	0.0472240000000000	0.0158960000000000	0.0631200000000000	0	0	-0.0252850000000000	0	0	16	0.164200000000000
5.50000000000000	0	1.16680000000000	0.0490660000000000	0.0162420000000000	0.0653080000000000	0	0	-0.0289850000000000	0	0	16	0.165000000000000
5.75000000000000	0	1.18901200000000	0.0509420000000000	0.0166130000000000	0.0675550000000000	0	0	-0.0326880000000000	0	0	16	0.165800000000000
6	0	1.21118100000000	0.0528510000000000	0.0170270000000000	0.0698770000000000	0	0	-0.0363920000000000	0	0	16	0.166500000000000
6.25000000000000	0	1.23330600000000	0.0547930000000000	0.0174910000000000	0.0722840000000000	0	0	-0.0400990000000000	0	0	16	0.167300000000000
6.50000000000000	0	1.25538700000000	0.0567670000000000	0.0179930000000000	0.0747600000000000	0	0	-0.0438070000000000	0	0	16	0.168000000000000
6.75000000000000	0	1.27742100000000	0.0587750000000000	0.0185550000000000	0.0773300000000000	0	0	-0.0475160000000000	0	0	16	0.168700000000000
7	0	1.29941000000000	0.0608140000000000	0.0191480000000000	0.0799610000000000	0	0	-0.0512250000000000	0	0	16	0.169300000000000
7.25000000000000	0	1.32135100000000	0.0628850000000000	0.0198310000000000	0.0827160000000000	0	0	-0.0549350000000000	0	0	16	0.170000000000000
7.50000000000000	0	1.34324400000000	0.0649870000000000	0.0205910000000000	0.0855790000000000	0	0	-0.0586440000000000	0	0	16	0.170600000000000
7.75000000000000	0	1.36508800000000	0.0671210000000000	0.0215770000000000	0.0886980000000000	0	0	-0.0623510000000000	0	0	16	0.171200000000000
8	0	1.38688200000000	0.0692850000000000	0.0231070000000000	0.0923920000000000	0	0	-0.0660500000000000	0	0	16	0.171800000000000